22
500
0 267
1 60
2 165
3 66
4 95
5 442
6 96
7 171
8 31
9 470
10 293
11 29
12 236
13 303
14 430
15 454
16 309
17 85
18 383
19 43
20 321
21 434
22 112
23 153
24 142
25 258
26 234
27 71
28 54
29 128
30 307
31 76
32 280
33 464
34 423
35 76
36 405
37 27
38 40
39 34
40 17
41 154
42 66
43 322
44 96
45 19
46 64
47 204
48 57
49 114
50 91
51 374
52 358
53 232
54 424
55 461
56 311
57 230
58 70
59 227
60 146
61 368
62 126
63 498
64 272
65 336
66 31
67 477
68 197
69 478
70 162
71 137
72 402
73 251
74 74
75 442
76 256
77 236
78 473
79 344
80 390
81 377
82 103
83 177
84 87
85 486
86 133
87 345
88 166
89 348
90 399
91 285
92 315
93 433
94 222
95 144
96 143
97 279
98 240
99 288
100 5
101 320
102 242
103 169
104 247
105 404
106 108
107 226
108 232
109 15
110 230
111 425
112 67
113 158
114 11
115 392
116 138
117 84
118 134
119 254
120 450
121 274
122 144
123 159
124 334
125 112
126 20
127 246
128 272
129 31
130 491
131 141
132 63
133 5
134 117
135 278
136 368
137 99
138 354
139 200
140 183
141 6
142 26
143 200
144 445
145 308
146 478
147 388
148 49
149 179
150 463
151 131
152 128
153 474
154 358
155 471
156 256
157 376
158 171
159 447
160 340
161 26
162 372
163 392
164 409
165 211
166 350
167 236
168 183
169 82
170 34
171 54
172 3
173 385
174 333
175 145
176 488
177 109
178 146
179 459
180 354
181 327
182 317
183 358
184 383
185 230
186 41
187 68
188 183
189 138
190 163
191 472
192 266
193 149
194 107
195 49
196 117
197 384
198 485
199 466
200 51
201 343
202 396
203 87
204 171
205 442
206 43
207 143
208 295
209 312
210 325
211 3
212 99
213 439
214 343
215 292
216 36
217 304
218 301
219 241
220 317
221 321
222 377
223 181
224 263
225 332
226 323
227 24
228 89
229 400
230 166
231 500
232 346
233 144
234 174
235 287
236 351
237 480
238 361
239 251
240 282
241 412
242 276
243 443
244 386
245 59
246 453
247 461
248 270
249 273
250 365
251 185
252 92
253 277
254 172
255 97
256 358
257 335
258 238
259 146
260 31
261 118
262 358
263 76
264 404
265 150
266 286
267 446
268 31
269 264
270 98
271 213
272 266
273 291
274 422
275 107
276 421
277 415
278 443
279 244
280 462
281 281
282 434
283 341
284 317
285 203
286 296
287 177
288 236
289 250
290 470
291 13
292 137
293 382
294 60
295 100
296 250
297 313
298 410
299 472
300 239
301 260
302 186
303 465
304 51
305 119
306 409
307 231
308 106
309 444
310 282
311 78
312 43
313 192
314 420
315 238
316 181
317 178
318 325
319 493
320 400
321 257
322 332
323 151
324 254
325 237
326 89
327 337
328 476
329 201
330 287
331 22
332 339
333 480
334 410
335 186
336 328
337 210
338 391
339 355
340 8
341 90
342 113
343 175
344 38
345 318
346 47
347 69
348 311
349 187
350 256
351 268
352 339
353 272
354 487
355 299
356 305
357 90
358 499
359 202
360 77
361 34
362 372
363 474
364 31
365 231
366 109
367 488
368 117
369 74
370 113
371 236
372 274
373 316
374 428
375 82
376 6
377 155
378 375
379 304
380 134
381 409
382 480
383 423
384 124
385 198
386 253
387 465
388 152
389 261
390 224
391 52
392 478
393 420
394 300
395 98
396 323
397 361
398 199
399 357
400 483
401 260
402 183
403 21
404 214
405 6
406 160
407 500
408 308
409 434
410 479
411 357
412 288
413 309
414 45
415 210
416 216
417 257
418 396
419 153
420 50
421 15
422 351
423 215
424 362
425 186
426 230
427 301
428 20
429 435
430 144
431 371
432 382
433 156
434 464
435 366
436 479
437 373
438 420
439 436
440 403
441 37
442 428
443 423
444 123
445 269
446 408
447 488
448 498
449 27
450 189
451 168
452 162
453 476
454 469
455 458
456 342
457 470
458 99
459 143
460 52
461 164
462 393
463 34
464 229
465 146
466 134
467 187
468 157
469 400
470 180
471 27
472 252
473 71
474 42
475 222
476 245
477 160
478 340
479 314
480 463
481 422
482 164
483 424
484 394
485 27
486 301
487 34
488 341
489 102
490 363
491 288
492 476
493 216
494 413
495 183
496 325
497 86
498 203
499 444
