22
500
0 490
1 442
2 129
3 279
4 410
5 426
6 91
7 296
8 98
9 495
10 155
11 165
12 378
13 147
14 111
15 203
16 358
17 158
18 401
19 300
20 177
21 178
22 381
23 297
24 436
25 57
26 333
27 406
28 11
29 402
30 472
31 378
32 310
33 303
34 188
35 174
36 281
37 463
38 23
39 90
40 442
41 56
42 38
43 346
44 307
45 311
46 177
47 484
48 349
49 109
50 375
51 84
52 422
53 343
54 461
55 28
56 440
57 494
58 110
59 78
60 79
61 278
62 271
63 155
64 5
65 4
66 126
67 355
68 102
69 149
70 125
71 143
72 114
73 366
74 371
75 355
76 491
77 319
78 462
79 198
80 316
81 85
82 409
83 111
84 292
85 165
86 422
87 458
88 422
89 162
90 297
91 64
92 129
93 370
94 219
95 67
96 95
97 85
98 309
99 226
100 210
101 63
102 237
103 342
104 298
105 221
106 459
107 123
108 480
109 342
110 319
111 298
112 337
113 396
114 131
115 319
116 424
117 42
118 495
119 30
120 49
121 209
122 340
123 219
124 497
125 473
126 441
127 368
128 191
129 257
130 414
131 147
132 38
133 146
134 44
135 129
136 389
137 49
138 439
139 98
140 389
141 484
142 154
143 15
144 165
145 328
146 44
147 151
148 384
149 265
150 160
151 381
152 373
153 323
154 324
155 250
156 87
157 32
158 448
159 195
160 141
161 394
162 77
163 195
164 268
165 500
166 137
167 113
168 400
169 261
170 292
171 184
172 97
173 426
174 401
175 334
176 95
177 466
178 293
179 447
180 313
181 376
182 486
183 143
184 147
185 239
186 177
187 12
188 344
189 313
190 56
191 491
192 222
193 211
194 2
195 476
196 65
197 53
198 12
199 477
200 199
201 215
202 485
203 73
204 194
205 103
206 244
207 495
208 417
209 78
210 402
211 171
212 232
213 79
214 87
215 39
216 55
217 471
218 310
219 38
220 494
221 187
222 9
223 18
224 366
225 27
226 364
227 180
228 474
229 476
230 81
231 322
232 112
233 266
234 437
235 125
236 123
237 280
238 297
239 2
240 279
241 140
242 411
243 227
244 191
245 298
246 205
247 434
248 348
249 173
250 113
251 33
252 390
253 159
254 396
255 489
256 28
257 447
258 24
259 198
260 333
261 21
262 81
263 88
264 426
265 377
266 115
267 13
268 136
269 360
270 402
271 458
272 374
273 192
274 156
275 187
276 208
277 274
278 196
279 284
280 83
281 275
282 224
283 378
284 437
285 409
286 420
287 3
288 57
289 116
290 274
291 54
292 16
293 157
294 495
295 167
296 367
297 177
298 176
299 263
300 133
301 351
302 386
303 75
304 497
305 330
306 312
307 240
308 73
309 371
310 82
311 132
312 151
313 55
314 16
315 248
316 205
317 327
318 445
319 385
320 496
321 428
322 302
323 20
324 141
325 179
326 59
327 266
328 359
329 271
330 220
331 345
332 30
333 142
334 366
335 491
336 441
337 269
338 12
339 29
340 356
341 68
342 137
343 307
344 428
345 7
346 116
347 351
348 47
349 223
350 176
351 75
352 94
353 228
354 43
355 149
356 150
357 419
358 245
359 274
360 211
361 257
362 2
363 78
364 403
365 24
366 128
367 344
368 130
369 455
370 260
371 66
372 279
373 17
374 112
375 124
376 276
377 237
378 118
379 275
380 80
381 165
382 496
383 232
384 282
385 164
386 195
387 471
388 57
389 170
390 474
391 6
392 399
393 172
394 187
395 66
396 344
397 230
398 462
399 206
400 47
401 238
402 476
403 499
404 384
405 78
406 148
407 125
408 264
409 6
410 384
411 212
412 34
413 435
414 481
415 397
416 213
417 268
418 464
419 320
420 328
421 372
422 453
423 307
424 122
425 28
426 428
427 162
428 77
429 199
430 196
431 383
432 300
433 104
434 135
435 228
436 30
437 68
438 91
439 372
440 443
441 270
442 359
443 330
444 19
445 392
446 91
447 194
448 194
449 308
450 334
451 130
452 2
453 51
454 155
455 49
456 268
457 105
458 39
459 412
460 210
461 100
462 200
463 21
464 458
465 111
466 482
467 453
468 420
469 43
470 87
471 305
472 199
473 373
474 11
475 78
476 385
477 281
478 331
479 202
480 50
481 48
482 15
483 199
484 126
485 381
486 398
487 115
488 374
489 379
490 280
491 22
492 395
493 171
494 256
495 61
496 465
497 476
498 209
499 347
