22
500
0 413
1 252
2 18
3 260
4 462
5 9
6 463
7 467
8 315
9 48
10 393
11 88
12 482
13 112
14 391
15 277
16 419
17 237
18 147
19 322
20 217
21 358
22 493
23 194
24 246
25 191
26 216
27 5
28 141
29 163
30 194
31 291
32 241
33 173
34 29
35 184
36 273
37 206
38 171
39 173
40 110
41 169
42 418
43 22
44 390
45 467
46 157
47 154
48 11
49 214
50 474
51 101
52 489
53 393
54 188
55 312
56 478
57 277
58 378
59 408
60 175
61 163
62 87
63 57
64 159
65 99
66 125
67 318
68 211
69 385
70 150
71 191
72 161
73 434
74 345
75 327
76 51
77 174
78 462
79 143
80 492
81 149
82 273
83 35
84 159
85 44
86 27
87 105
88 384
89 467
90 340
91 300
92 471
93 97
94 5
95 327
96 392
97 152
98 88
99 150
100 224
101 178
102 222
103 122
104 311
105 157
106 368
107 331
108 319
109 319
110 434
111 427
112 210
113 238
114 347
115 278
116 417
117 152
118 191
119 88
120 247
121 399
122 56
123 29
124 461
125 220
126 76
127 353
128 223
129 237
130 280
131 5
132 241
133 33
134 350
135 446
136 332
137 32
138 141
139 202
140 172
141 489
142 405
143 48
144 304
145 417
146 10
147 77
148 412
149 292
150 375
151 129
152 484
153 386
154 16
155 191
156 241
157 449
158 393
159 7
160 241
161 338
162 474
163 170
164 8
165 347
166 435
167 183
168 354
169 460
170 453
171 280
172 228
173 90
174 196
175 79
176 46
177 429
178 84
179 268
180 120
181 373
182 91
183 322
184 14
185 289
186 13
187 71
188 479
189 290
190 422
191 176
192 305
193 376
194 286
195 180
196 494
197 488
198 299
199 184
200 186
201 481
202 440
203 441
204 145
205 374
206 222
207 491
208 466
209 496
210 434
211 264
212 193
213 478
214 155
215 417
216 114
217 122
218 490
219 279
220 175
221 474
222 157
223 245
224 228
225 500
226 251
227 293
228 247
229 351
230 433
231 362
232 10
233 392
234 101
235 74
236 498
237 157
238 399
239 174
240 353
241 236
242 284
243 211
244 400
245 452
246 280
247 146
248 220
249 426
250 329
251 481
252 493
253 391
254 490
255 461
256 66
257 153
258 162
259 464
260 244
261 308
262 329
263 160
264 346
265 178
266 350
267 254
268 126
269 120
270 131
271 225
272 298
273 250
274 434
275 447
276 371
277 102
278 297
279 51
280 247
281 105
282 92
283 372
284 57
285 385
286 99
287 425
288 142
289 390
290 339
291 110
292 103
293 132
294 443
295 260
296 233
297 398
298 77
299 273
300 323
301 159
302 19
303 123
304 98
305 11
306 395
307 27
308 279
309 68
310 114
311 6
312 363
313 154
314 208
315 372
316 356
317 4
318 366
319 409
320 16
321 471
322 422
323 189
324 457
325 458
326 436
327 411
328 460
329 407
330 367
331 219
332 332
333 20
334 170
335 494
336 60
337 409
338 184
339 199
340 97
341 275
342 231
343 295
344 241
345 143
346 333
347 333
348 368
349 393
350 110
351 372
352 205
353 183
354 339
355 438
356 467
357 486
358 435
359 176
360 126
361 89
362 487
363 316
364 285
365 290
366 84
367 115
368 165
369 209
370 89
371 47
372 79
373 46
374 433
375 144
376 445
377 115
378 186
379 275
380 98
381 204
382 244
383 235
384 177
385 132
386 201
387 114
388 431
389 221
390 281
391 29
392 128
393 291
394 395
395 500
396 265
397 302
398 474
399 481
400 336
401 359
402 130
403 427
404 391
405 102
406 427
407 327
408 354
409 485
410 109
411 118
412 35
413 204
414 159
415 402
416 303
417 480
418 321
419 364
420 143
421 278
422 256
423 167
424 218
425 259
426 353
427 220
428 86
429 22
430 323
431 285
432 455
433 207
434 459
435 244
436 267
437 126
438 421
439 412
440 76
441 87
442 12
443 91
444 49
445 385
446 471
447 301
448 52
449 440
450 7
451 204
452 93
453 254
454 78
455 349
456 335
457 11
458 102
459 266
460 7
461 330
462 179
463 227
464 386
465 280
466 339
467 88
468 97
469 46
470 296
471 264
472 193
473 239
474 240
475 449
476 97
477 287
478 352
479 267
480 59
481 309
482 479
483 346
484 459
485 104
486 95
487 420
488 311
489 185
490 30
491 480
492 280
493 84
494 426
495 174
496 374
497 120
498 419
499 185
