22
500
0 433
1 9
2 260
3 50
4 416
5 413
6 380
7 419
8 10
9 34
10 289
11 133
12 253
13 74
14 30
15 455
16 1
17 137
18 184
19 170
20 23
21 485
22 284
23 99
24 304
25 395
26 175
27 308
28 127
29 93
30 364
31 180
32 310
33 438
34 91
35 459
36 224
37 11
38 498
39 3
40 257
41 56
42 135
43 180
44 399
45 250
46 380
47 11
48 380
49 452
50 79
51 274
52 433
53 432
54 448
55 320
56 218
57 30
58 338
59 212
60 33
61 484
62 458
63 91
64 81
65 153
66 467
67 388
68 79
69 304
70 13
71 72
72 247
73 400
74 401
75 484
76 301
77 146
78 470
79 283
80 155
81 223
82 110
83 160
84 465
85 445
86 256
87 396
88 461
89 405
90 138
91 36
92 92
93 298
94 185
95 348
96 485
97 421
98 76
99 292
100 124
101 45
102 282
103 480
104 172
105 154
106 464
107 200
108 422
109 499
110 26
111 5
112 83
113 165
114 15
115 199
116 104
117 215
118 408
119 132
120 468
121 336
122 306
123 202
124 344
125 312
126 40
127 133
128 496
129 123
130 131
131 328
132 347
133 378
134 493
135 394
136 159
137 455
138 253
139 481
140 287
141 42
142 358
143 251
144 486
145 387
146 180
147 229
148 285
149 352
150 319
151 169
152 125
153 380
154 50
155 251
156 31
157 460
158 212
159 72
160 433
161 481
162 95
163 344
164 217
165 263
166 26
167 371
168 250
169 67
170 305
171 430
172 435
173 369
174 432
175 408
176 313
177 216
178 212
179 284
180 110
181 10
182 471
183 378
184 435
185 240
186 251
187 226
188 6
189 167
190 101
191 124
192 120
193 106
194 480
195 195
196 478
197 4
198 193
199 93
200 220
201 65
202 15
203 369
204 31
205 341
206 52
207 440
208 405
209 417
210 171
211 128
212 303
213 191
214 234
215 79
216 270
217 324
218 168
219 96
220 91
221 5
222 50
223 489
224 425
225 323
226 111
227 98
228 73
229 261
230 237
231 49
232 393
233 81
234 240
235 320
236 483
237 302
238 140
239 159
240 204
241 409
242 270
243 414
244 289
245 245
246 169
247 104
248 146
249 253
250 261
251 33
252 454
253 50
254 61
255 435
256 192
257 327
258 270
259 360
260 323
261 109
262 180
263 264
264 413
265 59
266 403
267 343
268 46
269 239
270 182
271 241
272 388
273 448
274 128
275 98
276 195
277 85
278 315
279 125
280 335
281 106
282 78
283 337
284 94
285 125
286 452
287 339
288 168
289 279
290 299
291 483
292 487
293 402
294 216
295 57
296 336
297 276
298 268
299 295
300 476
301 302
302 179
303 311
304 119
305 443
306 425
307 192
308 306
309 103
310 214
311 182
312 117
313 476
314 460
315 459
316 48
317 428
318 8
319 331
320 67
321 157
322 446
323 213
324 322
325 7
326 17
327 120
328 55
329 168
330 87
331 192
332 94
333 162
334 239
335 211
336 186
337 61
338 390
339 363
340 214
341 347
342 272
343 496
344 53
345 110
346 162
347 79
348 431
349 354
350 93
351 477
352 8
353 72
354 109
355 210
356 135
357 163
358 125
359 233
360 372
361 458
362 341
363 334
364 340
365 30
366 58
367 87
368 210
369 326
370 421
371 372
372 30
373 149
374 362
375 346
376 301
377 361
378 388
379 79
380 76
381 242
382 430
383 352
384 319
385 365
386 230
387 443
388 463
389 367
390 350
391 220
392 116
393 466
394 36
395 496
396 313
397 376
398 419
399 262
400 285
401 323
402 328
403 58
404 206
405 325
406 115
407 52
408 314
409 132
410 390
411 117
412 98
413 289
414 245
415 244
416 404
417 291
418 272
419 436
420 25
421 408
422 125
423 454
424 275
425 12
426 103
427 31
428 493
429 494
430 79
431 132
432 293
433 312
434 499
435 19
436 7
437 454
438 97
439 486
440 112
441 315
442 441
443 442
444 446
445 468
446 140
447 17
448 228
449 367
450 464
451 321
452 134
453 188
454 342
455 265
456 73
457 334
458 303
459 35
460 425
461 225
462 394
463 394
464 141
465 267
466 88
467 368
468 329
469 310
470 266
471 256
472 191
473 227
474 464
475 29
476 104
477 205
478 228
479 40
480 253
481 216
482 281
483 241
484 325
485 408
486 417
487 239
488 315
489 113
490 486
491 163
492 433
493 321
494 256
495 42
496 136
497 39
498 109
499 364
