22
500
0 345
1 252
2 288
3 282
4 437
5 215
6 423
7 127
8 340
9 44
10 183
11 312
12 153
13 200
14 256
15 54
16 489
17 479
18 154
19 463
20 100
21 23
22 412
23 279
24 390
25 4
26 65
27 131
28 61
29 280
30 424
31 319
32 397
33 275
34 58
35 491
36 413
37 411
38 239
39 231
40 90
41 23
42 153
43 21
44 294
45 26
46 42
47 264
48 5
49 187
50 158
51 467
52 88
53 356
54 240
55 367
56 416
57 344
58 189
59 245
60 455
61 57
62 71
63 108
64 186
65 418
66 105
67 51
68 6
69 466
70 208
71 460
72 213
73 160
74 221
75 66
76 77
77 400
78 438
79 77
80 413
81 158
82 239
83 220
84 484
85 109
86 35
87 218
88 261
89 158
90 457
91 181
92 325
93 284
94 25
95 93
96 401
97 418
98 107
99 358
100 125
101 376
102 326
103 290
104 478
105 182
106 78
107 54
108 195
109 337
110 384
111 71
112 399
113 300
114 456
115 121
116 147
117 328
118 161
119 444
120 279
121 409
122 481
123 351
124 388
125 141
126 359
127 174
128 200
129 282
130 390
131 435
132 42
133 277
134 316
135 97
136 345
137 433
138 353
139 262
140 272
141 191
142 123
143 460
144 349
145 188
146 254
147 343
148 54
149 176
150 173
151 269
152 493
153 258
154 303
155 355
156 364
157 208
158 77
159 471
160 261
161 307
162 53
163 439
164 68
165 64
166 440
167 282
168 31
169 410
170 248
171 122
172 215
173 136
174 196
175 259
176 481
177 394
178 219
179 322
180 276
181 36
182 432
183 222
184 35
185 231
186 473
187 476
188 479
189 369
190 434
191 213
192 318
193 184
194 24
195 10
196 387
197 423
198 272
199 251
200 214
201 316
202 358
203 62
204 309
205 238
206 431
207 432
208 424
209 191
210 14
211 269
212 102
213 434
214 282
215 133
216 469
217 132
218 30
219 90
220 128
221 316
222 172
223 470
224 281
225 153
226 168
227 427
228 89
229 416
230 445
231 330
232 47
233 500
234 484
235 297
236 409
237 263
238 20
239 259
240 451
241 358
242 75
243 382
244 12
245 96
246 235
247 236
248 327
249 91
250 347
251 495
252 129
253 217
254 445
255 328
256 396
257 471
258 15
259 171
260 75
261 248
262 118
263 266
264 27
265 113
266 343
267 87
268 212
269 40
270 374
271 268
272 497
273 107
274 430
275 142
276 257
277 79
278 259
279 474
280 53
281 123
282 86
283 349
284 442
285 427
286 394
287 82
288 25
289 345
290 112
291 266
292 124
293 87
294 301
295 423
296 388
297 263
298 204
299 390
300 89
301 361
302 195
303 96
304 233
305 55
306 136
307 340
308 221
309 127
310 421
311 243
312 379
313 445
314 461
315 485
316 100
317 332
318 242
319 224
320 22
321 152
322 72
323 83
324 205
325 93
326 216
327 17
328 108
329 279
330 362
331 324
332 145
333 426
334 225
335 77
336 277
337 218
338 100
339 494
340 349
341 296
342 194
343 16
344 369
345 23
346 16
347 442
348 271
349 170
350 295
351 14
352 377
353 175
354 313
355 303
356 33
357 66
358 260
359 93
360 313
361 316
362 226
363 185
364 227
365 299
366 129
367 377
368 207
369 314
370 134
371 313
372 113
373 222
374 410
375 39
376 63
377 377
378 149
379 73
380 154
381 438
382 463
383 429
384 13
385 254
386 438
387 201
388 441
389 466
390 97
391 133
392 433
393 339
394 198
395 127
396 476
397 475
398 442
399 479
400 465
401 317
402 431
403 224
404 232
405 245
406 229
407 254
408 213
409 454
410 410
411 94
412 305
413 128
414 79
415 47
416 141
417 386
418 55
419 467
420 108
421 329
422 122
423 119
424 327
425 127
426 96
427 232
428 67
429 132
430 350
431 327
432 354
433 439
434 322
435 12
436 230
437 177
438 202
439 156
440 435
441 370
442 454
443 336
444 90
445 153
446 111
447 78
448 283
449 302
450 493
451 286
452 364
453 203
454 381
455 274
456 154
457 121
458 328
459 500
460 197
461 245
462 331
463 29
464 294
465 251
466 55
467 233
468 264
469 481
470 18
471 172
472 45
473 414
474 49
475 392
476 466
477 87
478 198
479 5
480 130
481 375
482 294
483 1
484 177
485 315
486 424
487 294
488 396
489 31
490 104
491 45
492 58
493 109
494 246
495 158
496 104
497 133
498 171
499 362
