22
500
0 496
1 165
2 70
3 410
4 489
5 11
6 494
7 138
8 47
9 273
10 298
11 340
12 19
13 339
14 146
15 54
16 479
17 353
18 403
19 105
20 84
21 343
22 393
23 150
24 319
25 100
26 494
27 353
28 486
29 493
30 326
31 122
32 260
33 253
34 354
35 469
36 21
37 52
38 200
39 274
40 315
41 301
42 409
43 206
44 133
45 137
46 406
47 153
48 478
49 43
50 21
51 237
52 303
53 41
54 216
55 35
56 35
57 81
58 56
59 214
60 8
61 249
62 67
63 113
64 218
65 309
66 372
67 274
68 192
69 220
70 373
71 210
72 287
73 398
74 387
75 451
76 35
77 489
78 394
79 237
80 285
81 78
82 412
83 304
84 79
85 280
86 231
87 199
88 40
89 344
90 315
91 27
92 448
93 339
94 106
95 272
96 7
97 489
98 180
99 137
100 222
101 166
102 108
103 166
104 22
105 344
106 284
107 38
108 445
109 310
110 449
111 199
112 329
113 195
114 222
115 400
116 100
117 31
118 251
119 222
120 134
121 230
122 411
123 362
124 169
125 251
126 367
127 386
128 359
129 489
130 458
131 239
132 463
133 199
134 25
135 372
136 377
137 131
138 100
139 89
140 48
141 345
142 347
143 151
144 457
145 175
146 304
147 76
148 2
149 390
150 434
151 135
152 439
153 235
154 12
155 434
156 77
157 243
158 316
159 388
160 357
161 452
162 285
163 50
164 43
165 198
166 292
167 93
168 287
169 431
170 210
171 344
172 70
173 444
174 257
175 444
176 110
177 188
178 470
179 304
180 477
181 242
182 499
183 22
184 496
185 391
186 449
187 368
188 139
189 93
190 75
191 201
192 18
193 40
194 59
195 204
196 42
197 84
198 306
199 368
200 389
201 392
202 316
203 277
204 77
205 94
206 454
207 279
208 320
209 403
210 356
211 52
212 197
213 142
214 451
215 305
216 163
217 313
218 491
219 482
220 107
221 281
222 307
223 279
224 37
225 404
226 498
227 408
228 472
229 416
230 70
231 395
232 299
233 310
234 364
235 117
236 499
237 208
238 270
239 443
240 494
241 96
242 309
243 153
244 286
245 323
246 240
247 194
248 348
249 19
250 78
251 42
252 261
253 338
254 308
255 308
256 103
257 103
258 370
259 214
260 401
261 266
262 28
263 3
264 284
265 220
266 367
267 217
268 438
269 349
270 22
271 106
272 232
273 75
274 478
275 453
276 312
277 472
278 168
279 74
280 14
281 92
282 26
283 158
284 369
285 400
286 139
287 292
288 171
289 79
290 161
291 314
292 361
293 3
294 5
295 372
296 96
297 128
298 488
299 232
300 440
301 58
302 464
303 53
304 315
305 296
306 331
307 298
308 475
309 486
310 170
311 108
312 38
313 231
314 398
315 84
316 59
317 364
318 27
319 344
320 326
321 450
322 377
323 152
324 124
325 234
326 244
327 453
328 380
329 244
330 173
331 82
332 15
333 98
334 306
335 115
336 427
337 459
338 60
339 51
340 260
341 292
342 159
343 365
344 292
345 97
346 108
347 491
348 499
349 393
350 16
351 216
352 231
353 373
354 27
355 177
356 150
357 200
358 1
359 431
360 408
361 126
362 100
363 147
364 249
365 25
366 80
367 138
368 459
369 36
370 176
371 392
372 97
373 350
374 137
375 77
376 318
377 479
378 14
379 288
380 453
381 32
382 334
383 396
384 75
385 336
386 383
387 331
388 348
389 140
390 292
391 265
392 483
393 412
394 366
395 335
396 36
397 216
398 216
399 39
400 496
401 334
402 197
403 9
404 179
405 169
406 427
407 63
408 147
409 71
410 273
411 385
412 89
413 224
414 430
415 463
416 309
417 307
418 97
419 300
420 468
421 223
422 46
423 73
424 26
425 407
426 11
427 331
428 402
429 214
430 188
431 429
432 265
433 291
434 313
435 359
436 134
437 200
438 401
439 88
440 173
441 470
442 460
443 243
444 163
445 85
446 431
447 286
448 30
449 62
450 272
451 399
452 407
453 315
454 2
455 292
456 324
457 431
458 362
459 9
460 169
461 299
462 111
463 146
464 346
465 333
466 301
467 80
468 19
469 455
470 364
471 232
472 256
473 424
474 225
475 367
476 160
477 176
478 330
479 144
480 154
481 477
482 278
483 460
484 141
485 283
486 480
487 45
488 410
489 400
490 469
491 147
492 104
493 264
494 450
495 355
496 329
497 161
498 64
499 222
