22
500
0 277
1 51
2 199
3 446
4 152
5 339
6 473
7 353
8 358
9 307
10 198
11 498
12 393
13 281
14 234
15 167
16 424
17 203
18 284
19 356
20 399
21 480
22 384
23 493
24 18
25 267
26 333
27 237
28 134
29 137
30 451
31 356
32 51
33 144
34 265
35 136
36 399
37 154
38 221
39 295
40 8
41 143
42 456
43 81
44 101
45 315
46 1
47 122
48 71
49 77
50 326
51 334
52 419
53 452
54 6
55 405
56 389
57 179
58 412
59 170
60 159
61 206
62 497
63 203
64 120
65 259
66 188
67 328
68 48
69 227
70 18
71 126
72 180
73 420
74 248
75 314
76 252
77 152
78 18
79 134
80 357
81 88
82 248
83 208
84 82
85 47
86 295
87 319
88 184
89 365
90 230
91 391
92 433
93 312
94 98
95 277
96 277
97 94
98 60
99 432
100 431
101 393
102 100
103 71
104 379
105 264
106 270
107 401
108 2
109 324
110 481
111 175
112 3
113 64
114 23
115 144
116 10
117 105
118 192
119 26
120 471
121 433
122 368
123 61
124 432
125 346
126 416
127 298
128 61
129 88
130 145
131 114
132 184
133 220
134 240
135 89
136 236
137 101
138 113
139 166
140 491
141 14
142 23
143 493
144 305
145 380
146 458
147 136
148 141
149 66
150 248
151 135
152 267
153 51
154 46
155 451
156 192
157 21
158 174
159 474
160 417
161 336
162 215
163 221
164 83
165 397
166 429
167 110
168 96
169 89
170 207
171 141
172 343
173 274
174 11
175 395
176 470
177 326
178 147
179 435
180 233
181 471
182 11
183 129
184 356
185 351
186 364
187 220
188 205
189 463
190 205
191 24
192 184
193 243
194 337
195 41
196 432
197 419
198 475
199 475
200 6
201 161
202 70
203 51
204 302
205 372
206 145
207 258
208 339
209 24
210 104
211 185
212 312
213 427
214 85
215 121
216 353
217 116
218 269
219 430
220 399
221 211
222 68
223 452
224 188
225 350
226 108
227 462
228 119
229 287
230 426
231 447
232 239
233 50
234 359
235 426
236 329
237 265
238 169
239 25
240 419
241 39
242 179
243 2
244 332
245 207
246 227
247 151
248 490
249 192
250 487
251 77
252 343
253 143
254 479
255 168
256 81
257 103
258 224
259 401
260 484
261 352
262 167
263 64
264 367
265 58
266 169
267 400
268 162
269 165
270 64
271 102
272 342
273 263
274 464
275 31
276 224
277 494
278 488
279 363
280 145
281 45
282 300
283 123
284 403
285 279
286 314
287 258
288 228
289 271
290 201
291 300
292 115
293 174
294 81
295 99
296 161
297 290
298 426
299 460
300 310
301 399
302 373
303 123
304 418
305 428
306 325
307 370
308 151
309 1
310 172
311 156
312 267
313 181
314 465
315 149
316 204
317 295
318 126
319 58
320 60
321 446
322 138
323 381
324 324
325 122
326 36
327 483
328 365
329 193
330 48
331 326
332 469
333 439
334 48
335 416
336 116
337 326
338 108
339 277
340 335
341 367
342 395
343 231
344 83
345 22
346 365
347 164
348 59
349 180
350 269
351 322
352 378
353 76
354 372
355 127
356 240
357 443
358 309
359 178
360 124
361 193
362 480
363 458
364 88
365 130
366 338
367 398
368 123
369 285
370 138
371 311
372 87
373 352
374 422
375 387
376 278
377 441
378 94
379 159
380 490
381 146
382 250
383 492
384 138
385 145
386 431
387 318
388 205
389 414
390 195
391 253
392 282
393 117
394 54
395 73
396 85
397 435
398 190
399 417
400 280
401 297
402 387
403 236
404 106
405 313
406 84
407 309
408 315
409 350
410 294
411 90
412 326
413 67
414 490
415 116
416 367
417 288
418 323
419 282
420 92
421 34
422 490
423 123
424 6
425 416
426 234
427 85
428 50
429 498
430 180
431 12
432 230
433 234
434 95
435 220
436 6
437 137
438 441
439 493
440 411
441 401
442 58
443 453
444 496
445 201
446 395
447 72
448 477
449 243
450 332
451 471
452 293
453 167
454 342
455 389
456 320
457 92
458 267
459 176
460 257
461 352
462 440
463 237
464 203
465 31
466 289
467 400
468 318
469 297
470 210
471 66
472 433
473 138
474 50
475 80
476 278
477 224
478 468
479 126
480 206
481 193
482 237
483 441
484 253
485 250
486 268
487 87
488 109
489 387
490 386
491 281
492 55
493 48
494 91
495 389
496 359
497 258
498 275
499 18
