22
500
0 496
1 105
2 324
3 92
4 148
5 226
6 274
7 183
8 376
9 497
10 471
11 133
12 477
13 23
14 282
15 294
16 14
17 213
18 184
19 179
20 394
21 189
22 76
23 448
24 229
25 115
26 271
27 210
28 121
29 366
30 268
31 224
32 233
33 102
34 78
35 145
36 445
37 350
38 405
39 111
40 417
41 364
42 416
43 182
44 73
45 396
46 430
47 358
48 2
49 15
50 456
51 15
52 205
53 352
54 297
55 373
56 437
57 137
58 465
59 434
60 99
61 273
62 200
63 112
64 216
65 461
66 45
67 278
68 204
69 157
70 107
71 301
72 228
73 426
74 458
75 420
76 330
77 398
78 255
79 199
80 4
81 440
82 281
83 286
84 424
85 1
86 66
87 227
88 84
89 416
90 419
91 328
92 465
93 159
94 388
95 258
96 6
97 118
98 379
99 171
100 139
101 225
102 262
103 143
104 269
105 414
106 441
107 31
108 261
109 177
110 322
111 279
112 416
113 278
114 161
115 7
116 457
117 133
118 420
119 449
120 79
121 355
122 180
123 293
124 47
125 364
126 490
127 49
128 366
129 253
130 264
131 52
132 171
133 310
134 145
135 243
136 335
137 94
138 92
139 184
140 39
141 354
142 142
143 107
144 207
145 155
146 490
147 146
148 2
149 247
150 253
151 411
152 485
153 24
154 303
155 406
156 337
157 469
158 456
159 414
160 374
161 482
162 446
163 78
164 53
165 371
166 44
167 89
168 215
169 224
170 16
171 5
172 26
173 456
174 403
175 194
176 113
177 372
178 321
179 295
180 493
181 468
182 96
183 51
184 115
185 397
186 5
187 113
188 455
189 94
190 333
191 89
192 170
193 17
194 283
195 131
196 303
197 420
198 452
199 455
200 452
201 182
202 73
203 204
204 499
205 124
206 433
207 433
208 285
209 245
210 373
211 362
212 372
213 231
214 433
215 11
216 237
217 452
218 430
219 488
220 248
221 122
222 286
223 85
224 79
225 177
226 120
227 373
228 147
229 34
230 64
231 243
232 471
233 134
234 359
235 160
236 419
237 445
238 316
239 360
240 52
241 435
242 308
243 383
244 221
245 477
246 380
247 456
248 70
249 203
250 353
251 326
252 62
253 373
254 173
255 439
256 369
257 372
258 65
259 115
260 16
261 244
262 4
263 101
264 123
265 41
266 17
267 237
268 220
269 191
270 5
271 150
272 261
273 80
274 172
275 3
276 166
277 408
278 170
279 77
280 230
281 3
282 355
283 155
284 196
285 107
286 96
287 419
288 135
289 260
290 26
291 277
292 257
293 355
294 208
295 14
296 225
297 63
298 172
299 399
300 12
301 443
302 379
303 448
304 181
305 364
306 482
307 184
308 310
309 407
310 130
311 439
312 426
313 284
314 5
315 388
316 366
317 146
318 335
319 68
320 5
321 203
322 270
323 339
324 96
325 378
326 477
327 418
328 128
329 384
330 264
331 103
332 105
333 41
334 155
335 370
336 19
337 149
338 274
339 480
340 320
341 303
342 25
343 406
344 454
345 298
346 229
347 343
348 80
349 391
350 160
351 191
352 452
353 95
354 391
355 57
356 259
357 189
358 186
359 185
360 429
361 296
362 117
363 343
364 285
365 163
366 127
367 431
368 408
369 362
370 176
371 234
372 262
373 367
374 445
375 461
376 37
377 473
378 71
379 342
380 291
381 436
382 305
383 228
384 348
385 229
386 439
387 232
388 360
389 361
390 483
391 38
392 267
393 255
394 431
395 481
396 114
397 295
398 137
399 80
400 472
401 423
402 211
403 194
404 423
405 352
406 452
407 205
408 376
409 300
410 265
411 391
412 481
413 420
414 485
415 34
416 388
417 485
418 2
419 203
420 182
421 122
422 217
423 394
424 207
425 232
426 169
427 164
428 390
429 261
430 405
431 133
432 373
433 335
434 180
435 412
436 426
437 4
438 377
439 150
440 74
441 489
442 261
443 184
444 271
445 324
446 45
447 498
448 353
449 363
450 86
451 174
452 129
453 26
454 126
455 168
456 244
457 5
458 96
459 84
460 372
461 292
462 381
463 405
464 286
465 496
466 307
467 145
468 65
469 326
470 117
471 155
472 35
473 111
474 264
475 392
476 105
477 255
478 191
479 188
480 494
481 87
482 353
483 229
484 284
485 463
486 397
487 418
488 27
489 88
490 4
491 425
492 67
493 280
494 235
495 325
496 21
497 316
498 316
499 243
