22
500
0 389
1 68
2 169
3 68
4 159
5 41
6 392
7 198
8 64
9 485
10 345
11 431
12 114
13 31
14 426
15 133
16 242
17 442
18 149
19 168
20 99
21 185
22 155
23 426
24 109
25 455
26 250
27 225
28 105
29 257
30 201
31 58
32 81
33 121
34 472
35 217
36 402
37 307
38 55
39 475
40 430
41 127
42 132
43 59
44 485
45 111
46 297
47 482
48 103
49 78
50 80
51 155
52 471
53 166
54 305
55 419
56 367
57 359
58 374
59 330
60 213
61 86
62 146
63 218
64 308
65 257
66 165
67 367
68 460
69 456
70 189
71 273
72 55
73 453
74 106
75 319
76 11
77 409
78 394
79 374
80 365
81 260
82 91
83 194
84 272
85 439
86 43
87 315
88 148
89 225
90 243
91 12
92 423
93 171
94 177
95 65
96 309
97 10
98 40
99 300
100 364
101 31
102 205
103 488
104 232
105 285
106 90
107 201
108 169
109 327
110 272
111 19
112 3
113 36
114 370
115 229
116 198
117 353
118 18
119 241
120 322
121 266
122 300
123 480
124 262
125 398
126 158
127 160
128 201
129 106
130 372
131 159
132 184
133 397
134 279
135 111
136 144
137 205
138 370
139 267
140 95
141 336
142 36
143 105
144 322
145 301
146 453
147 408
148 405
149 164
150 33
151 14
152 150
153 371
154 483
155 40
156 228
157 395
158 407
159 423
160 416
161 278
162 362
163 160
164 35
165 477
166 236
167 239
168 116
169 498
170 244
171 311
172 185
173 25
174 4
175 306
176 221
177 201
178 167
179 36
180 197
181 450
182 8
183 202
184 147
185 474
186 246
187 442
188 128
189 245
190 398
191 438
192 401
193 294
194 186
195 495
196 361
197 351
198 39
199 247
200 427
201 420
202 153
203 159
204 12
205 405
206 175
207 27
208 321
209 238
210 434
211 96
212 277
213 413
214 368
215 101
216 305
217 496
218 186
219 193
220 154
221 192
222 115
223 340
224 385
225 262
226 167
227 237
228 190
229 252
230 88
231 333
232 262
233 431
234 341
235 234
236 78
237 181
238 357
239 403
240 45
241 238
242 44
243 428
244 135
245 129
246 292
247 98
248 77
249 129
250 314
251 333
252 242
253 401
254 452
255 242
256 67
257 157
258 139
259 232
260 102
261 435
262 327
263 107
264 464
265 431
266 143
267 368
268 225
269 39
270 59
271 280
272 358
273 275
274 334
275 364
276 382
277 37
278 80
279 358
280 63
281 153
282 56
283 426
284 271
285 467
286 355
287 72
288 172
289 401
290 364
291 2
292 229
293 452
294 377
295 353
296 94
297 380
298 464
299 74
300 299
301 166
302 176
303 247
304 144
305 198
306 131
307 424
308 447
309 353
310 288
311 168
312 130
313 307
314 418
315 377
316 315
317 486
318 419
319 357
320 463
321 289
322 447
323 70
324 263
325 188
326 461
327 213
328 124
329 498
330 80
331 198
332 309
333 51
334 468
335 12
336 222
337 267
338 469
339 121
340 220
341 138
342 273
343 481
344 107
345 229
346 125
347 444
348 57
349 227
350 28
351 186
352 344
353 452
354 156
355 168
356 348
357 55
358 451
359 448
360 137
361 32
362 75
363 214
364 104
365 49
366 52
367 110
368 228
369 106
370 290
371 173
372 78
373 271
374 154
375 61
376 185
377 442
378 220
379 381
380 77
381 210
382 291
383 294
384 201
385 232
386 231
387 300
388 72
389 396
390 188
391 257
392 189
393 52
394 457
395 73
396 122
397 17
398 198
399 174
400 483
401 87
402 295
403 222
404 189
405 304
406 447
407 175
408 285
409 341
410 301
411 139
412 139
413 129
414 471
415 443
416 488
417 427
418 15
419 382
420 12
421 107
422 139
423 122
424 133
425 84
426 461
427 251
428 29
429 45
430 357
431 471
432 391
433 362
434 427
435 471
436 249
437 334
438 4
439 136
440 426
441 47
442 142
443 86
444 363
445 247
446 128
447 362
448 453
449 406
450 405
451 170
452 2
453 261
454 76
455 432
456 289
457 241
458 425
459 156
460 119
461 304
462 254
463 118
464 67
465 455
466 92
467 216
468 154
469 305
470 86
471 440
472 469
473 213
474 328
475 238
476 290
477 25
478 439
479 438
480 17
481 297
482 29
483 21
484 39
485 389
486 239
487 311
488 468
489 324
490 103
491 428
492 258
493 383
494 298
495 99
496 443
497 205
498 456
499 305
