22
500
0 334
1 342
2 104
3 146
4 403
5 189
6 165
7 11
8 204
9 356
10 110
11 35
12 205
13 395
14 69
15 492
16 208
17 268
18 398
19 72
20 295
21 163
22 191
23 159
24 118
25 69
26 461
27 280
28 109
29 467
30 223
31 232
32 456
33 379
34 202
35 302
36 93
37 35
38 216
39 50
40 256
41 136
42 66
43 297
44 38
45 411
46 117
47 447
48 267
49 186
50 436
51 224
52 345
53 289
54 496
55 383
56 411
57 155
58 126
59 17
60 500
61 274
62 141
63 119
64 357
65 203
66 201
67 168
68 293
69 475
70 196
71 145
72 54
73 211
74 36
75 154
76 222
77 321
78 390
79 238
80 34
81 217
82 461
83 224
84 232
85 8
86 156
87 242
88 492
89 28
90 230
91 358
92 111
93 397
94 212
95 336
96 51
97 66
98 224
99 266
100 295
101 21
102 325
103 396
104 339
105 146
106 223
107 193
108 298
109 38
110 458
111 406
112 404
113 405
114 332
115 150
116 31
117 81
118 479
119 346
120 286
121 150
122 429
123 192
124 111
125 196
126 90
127 351
128 66
129 144
130 305
131 378
132 19
133 52
134 459
135 187
136 495
137 236
138 321
139 366
140 244
141 177
142 440
143 142
144 210
145 194
146 166
147 24
148 437
149 150
150 425
151 248
152 44
153 403
154 117
155 306
156 473
157 180
158 237
159 314
160 83
161 493
162 190
163 227
164 425
165 220
166 150
167 325
168 133
169 175
170 156
171 253
172 293
173 451
174 497
175 352
176 403
177 420
178 39
179 5
180 200
181 347
182 247
183 347
184 175
185 497
186 285
187 479
188 207
189 453
190 396
191 103
192 470
193 97
194 140
195 493
196 478
197 465
198 415
199 294
200 381
201 182
202 284
203 151
204 82
205 303
206 368
207 361
208 196
209 307
210 35
211 33
212 199
213 490
214 192
215 156
216 38
217 473
218 468
219 221
220 186
221 57
222 468
223 498
224 242
225 500
226 407
227 376
228 388
229 264
230 89
231 256
232 348
233 368
234 75
235 382
236 409
237 58
238 161
239 460
240 240
241 402
242 466
243 228
244 34
245 190
246 116
247 39
248 54
249 267
250 131
251 28
252 391
253 378
254 408
255 89
256 215
257 473
258 370
259 244
260 152
261 213
262 97
263 361
264 310
265 291
266 367
267 492
268 80
269 274
270 100
271 323
272 228
273 131
274 435
275 83
276 500
277 464
278 12
279 160
280 294
281 47
282 242
283 378
284 204
285 324
286 336
287 90
288 195
289 438
290 267
291 186
292 387
293 230
294 194
295 262
296 442
297 217
298 50
299 288
300 201
301 26
302 374
303 83
304 455
305 285
306 20
307 376
308 187
309 238
310 479
311 202
312 499
313 377
314 324
315 220
316 175
317 326
318 376
319 293
320 91
321 101
322 52
323 68
324 27
325 158
326 476
327 286
328 297
329 472
330 322
331 26
332 122
333 27
334 442
335 119
336 418
337 223
338 51
339 105
340 254
341 40
342 21
343 465
344 40
345 112
346 462
347 135
348 470
349 124
350 37
351 447
352 193
353 204
354 322
355 432
356 201
357 210
358 271
359 214
360 82
361 178
362 319
363 298
364 9
365 468
366 128
367 364
368 337
369 14
370 145
371 469
372 333
373 180
374 250
375 419
376 382
377 406
378 133
379 374
380 115
381 255
382 229
383 40
384 197
385 389
386 368
387 37
388 58
389 32
390 203
391 462
392 258
393 100
394 223
395 412
396 236
397 322
398 397
399 310
400 191
401 190
402 113
403 204
404 56
405 33
406 43
407 478
408 121
409 142
410 78
411 213
412 456
413 82
414 443
415 184
416 54
417 273
418 476
419 19
420 208
421 128
422 9
423 365
424 252
425 234
426 96
427 125
428 405
429 107
430 95
431 84
432 36
433 296
434 304
435 362
436 315
437 248
438 307
439 299
440 92
441 407
442 368
443 196
444 211
445 182
446 88
447 458
448 177
449 344
450 428
451 74
452 297
453 497
454 304
455 224
456 197
457 420
458 135
459 251
460 18
461 302
462 237
463 344
464 93
465 234
466 11
467 11
468 38
469 223
470 18
471 37
472 23
473 307
474 142
475 99
476 111
477 474
478 446
479 75
480 49
481 58
482 33
483 159
484 163
485 339
486 401
487 59
488 136
489 338
490 56
491 152
492 390
493 288
494 60
495 7
496 318
497 372
498 140
499 419
