15
250
0 67
1 94
2 243
3 152
4 111
5 204
6 42
7 153
8 3
9 132
10 64
11 82
12 98
13 69
14 34
15 54
16 56
17 131
18 163
19 39
20 145
21 165
22 187
23 163
24 146
25 188
26 195
27 96
28 194
29 153
30 233
31 148
32 163
33 71
34 132
35 109
36 42
37 178
38 240
39 2
40 184
41 76
42 116
43 114
44 189
45 137
46 233
47 131
48 27
49 57
50 184
51 238
52 93
53 233
54 120
55 242
56 49
57 237
58 17
59 243
60 52
61 16
62 71
63 41
64 73
65 39
66 200
67 17
68 107
69 105
70 206
71 95
72 189
73 10
74 180
75 191
76 190
77 166
78 15
79 72
80 151
81 146
82 195
83 100
84 208
85 154
86 21
87 57
88 5
89 200
90 208
91 141
92 218
93 233
94 23
95 171
96 103
97 108
98 35
99 224
100 35
101 107
102 122
103 134
104 62
105 88
106 122
107 197
108 53
109 23
110 119
111 98
112 63
113 48
114 125
115 239
116 24
117 185
118 189
119 99
120 83
121 85
122 18
123 86
124 230
125 173
126 17
127 236
128 98
129 89
130 195
131 120
132 120
133 217
134 173
135 197
136 136
137 113
138 18
139 200
140 49
141 224
142 73
143 106
144 142
145 121
146 149
147 231
148 108
149 31
150 242
151 116
152 60
153 204
154 4
155 169
156 237
157 99
158 242
159 99
160 16
161 58
162 70
163 101
164 127
165 139
166 174
167 27
168 109
169 41
170 167
171 54
172 153
173 24
174 9
175 162
176 15
177 68
178 208
179 178
180 16
181 105
182 203
183 10
184 235
185 177
186 150
187 159
188 202
189 44
190 61
191 115
192 72
193 30
194 239
195 60
196 14
197 38
198 219
199 36
200 160
201 206
202 136
203 139
204 1
205 164
206 106
207 107
208 232
209 249
210 129
211 63
212 176
213 194
214 185
215 173
216 43
217 248
218 99
219 12
220 105
221 77
222 50
223 142
224 108
225 152
226 17
227 121
228 8
229 112
230 198
231 196
232 58
233 7
234 13
235 68
236 141
237 241
238 9
239 180
240 68
241 174
242 137
243 56
244 31
245 100
246 136
247 222
248 74
249 43
