15
250
0 89
1 126
2 184
3 2
4 29
5 19
6 150
7 152
8 168
9 47
10 86
11 7
12 174
13 70
14 13
15 19
16 33
17 68
18 242
19 210
20 194
21 197
22 84
23 58
24 217
25 186
26 207
27 152
28 186
29 118
30 178
31 84
32 237
33 113
34 56
35 130
36 14
37 183
38 51
39 140
40 33
41 9
42 97
43 92
44 174
45 166
46 51
47 220
48 174
49 96
50 158
51 49
52 166
53 21
54 192
55 1
56 231
57 14
58 96
59 232
60 232
61 81
62 30
63 229
64 236
65 250
66 24
67 113
68 171
69 238
70 150
71 71
72 169
73 3
74 124
75 6
76 79
77 217
78 236
79 85
80 12
81 58
82 127
83 195
84 149
85 65
86 44
87 222
88 139
89 96
90 135
91 91
92 107
93 191
94 133
95 228
96 20
97 156
98 233
99 3
100 141
101 140
102 178
103 75
104 174
105 201
106 158
107 40
108 127
109 199
110 240
111 92
112 212
113 201
114 225
115 34
116 163
117 1
118 32
119 8
120 102
121 69
122 106
123 40
124 42
125 198
126 239
127 27
128 188
129 130
130 132
131 180
132 13
133 139
134 38
135 219
136 160
137 244
138 178
139 125
140 220
141 226
142 14
143 138
144 220
145 236
146 26
147 229
148 49
149 189
150 205
151 197
152 54
153 22
154 126
155 22
156 185
157 112
158 101
159 98
160 53
161 61
162 147
163 205
164 18
165 106
166 4
167 249
168 129
169 36
170 232
171 79
172 59
173 228
174 140
175 230
176 248
177 50
178 147
179 173
180 126
181 104
182 124
183 91
184 165
185 98
186 25
187 151
188 90
189 73
190 19
191 185
192 5
193 117
194 248
195 230
196 18
197 59
198 195
199 229
200 185
201 46
202 200
203 103
204 162
205 53
206 42
207 138
208 180
209 176
210 43
211 114
212 157
213 68
214 89
215 77
216 33
217 154
218 31
219 8
220 88
221 51
222 61
223 1
224 32
225 31
226 240
227 139
228 48
229 90
230 107
231 96
232 218
233 95
234 109
235 120
236 13
237 172
238 125
239 76
240 186
241 17
242 45
243 169
244 193
245 213
246 142
247 75
248 143
249 184
