15
250
0 126
1 7
2 106
3 114
4 37
5 159
6 90
7 39
8 128
9 115
10 31
11 45
12 46
13 249
14 211
15 236
16 144
17 135
18 156
19 200
20 171
21 70
22 125
23 60
24 77
25 108
26 164
27 168
28 149
29 74
30 97
31 145
32 216
33 118
34 97
35 98
36 207
37 80
38 44
39 40
40 158
41 140
42 149
43 225
44 5
45 217
46 30
47 165
48 107
49 243
50 38
51 205
52 113
53 71
54 2
55 184
56 65
57 180
58 100
59 20
60 221
61 21
62 36
63 233
64 73
65 231
66 218
67 80
68 129
69 191
70 100
71 32
72 13
73 11
74 229
75 45
76 95
77 8
78 64
79 36
80 67
81 119
82 83
83 48
84 30
85 42
86 71
87 75
88 105
89 75
90 201
91 120
92 73
93 29
94 246
95 50
96 196
97 1
98 35
99 75
100 111
101 208
102 125
103 121
104 211
105 193
106 3
107 154
108 105
109 245
110 249
111 117
112 102
113 37
114 97
115 245
116 187
117 243
118 195
119 160
120 171
121 78
122 235
123 215
124 51
125 18
126 28
127 166
128 49
129 9
130 18
131 92
132 62
133 74
134 31
135 189
136 30
137 160
138 187
139 157
140 131
141 34
142 139
143 30
144 66
145 132
146 51
147 238
148 92
149 165
150 240
151 91
152 43
153 5
154 33
155 8
156 163
157 237
158 73
159 145
160 37
161 99
162 130
163 215
164 41
165 247
166 210
167 3
168 223
169 18
170 165
171 191
172 92
173 134
174 1
175 172
176 172
177 15
178 179
179 237
180 239
181 240
182 80
183 231
184 214
185 195
186 148
187 185
188 180
189 4
190 93
191 4
192 24
193 50
194 38
195 77
196 99
197 35
198 18
199 73
200 1
201 99
202 150
203 209
204 224
205 204
206 99
207 115
208 18
209 68
210 120
211 14
212 203
213 224
214 6
215 63
216 248
217 162
218 238
219 196
220 87
221 175
222 118
223 175
224 197
225 230
226 208
227 62
228 212
229 148
230 20
231 227
232 108
233 16
234 69
235 241
236 198
237 191
238 17
239 43
240 141
241 208
242 117
243 189
244 194
245 41
246 83
247 248
248 126
249 200
