15
250
0 92
1 143
2 53
3 243
4 23
5 213
6 118
7 13
8 128
9 119
10 51
11 235
12 131
13 238
14 160
15 5
16 207
17 157
18 175
19 37
20 88
21 204
22 13
23 249
24 12
25 249
26 34
27 52
28 106
29 97
30 186
31 149
32 113
33 174
34 87
35 135
36 14
37 88
38 209
39 172
40 164
41 66
42 220
43 198
44 15
45 227
46 195
47 52
48 164
49 76
50 13
51 53
52 126
53 122
54 230
55 167
56 219
57 212
58 131
59 218
60 133
61 13
62 19
63 167
64 115
65 47
66 159
67 232
68 80
69 160
70 78
71 64
72 74
73 105
74 146
75 72
76 125
77 101
78 235
79 83
80 41
81 133
82 163
83 194
84 44
85 92
86 97
87 9
88 199
89 10
90 50
91 92
92 59
93 46
94 101
95 157
96 191
97 213
98 176
99 102
100 121
101 240
102 152
103 184
104 119
105 62
106 248
107 181
108 27
109 1
110 13
111 85
112 135
113 186
114 165
115 1
116 216
117 210
118 152
119 126
120 36
121 208
122 248
123 56
124 169
125 85
126 42
127 4
128 128
129 56
130 130
131 192
132 5
133 231
134 250
135 150
136 152
137 187
138 26
139 165
140 2
141 92
142 147
143 196
144 66
145 160
146 120
147 186
148 178
149 220
150 61
151 16
152 25
153 183
154 246
155 77
156 131
157 186
158 159
159 211
160 27
161 248
162 223
163 132
164 68
165 120
166 194
167 105
168 203
169 214
170 32
171 187
172 9
173 53
174 236
175 164
176 173
177 148
178 233
179 83
180 106
181 17
182 102
183 248
184 240
185 37
186 197
187 221
188 8
189 154
190 212
191 54
192 34
193 34
194 247
195 158
196 190
197 76
198 66
199 18
200 80
201 126
202 71
203 95
204 230
205 31
206 201
207 112
208 198
209 202
210 109
211 125
212 124
213 213
214 162
215 48
216 50
217 45
218 238
219 44
220 105
221 148
222 46
223 68
224 183
225 6
226 37
227 187
228 81
229 213
230 38
231 101
232 2
233 195
234 232
235 164
236 130
237 183
238 184
239 66
240 188
241 239
242 249
243 104
244 132
245 66
246 7
247 250
248 137
249 239
