15
250
0 90
1 51
2 115
3 94
4 208
5 137
6 88
7 22
8 207
9 58
10 103
11 242
12 49
13 21
14 193
15 141
16 24
17 197
18 3
19 167
20 205
21 45
22 68
23 149
24 67
25 75
26 178
27 101
28 245
29 30
30 127
31 35
32 50
33 15
34 180
35 15
36 148
37 136
38 27
39 181
40 190
41 131
42 19
43 226
44 178
45 82
46 39
47 179
48 100
49 155
50 245
51 249
52 75
53 58
54 23
55 33
56 40
57 40
58 182
59 106
60 220
61 139
62 1
63 13
64 146
65 179
66 25
67 12
68 95
69 227
70 14
71 62
72 20
73 216
74 114
75 247
76 179
77 41
78 130
79 179
80 182
81 162
82 173
83 82
84 118
85 73
86 16
87 211
88 32
89 11
90 152
91 229
92 162
93 60
94 240
95 97
96 45
97 17
98 129
99 148
100 109
101 27
102 76
103 146
104 186
105 99
106 68
107 142
108 136
109 159
110 65
111 79
112 235
113 11
114 139
115 33
116 88
117 72
118 87
119 130
120 218
121 235
122 219
123 198
124 219
125 126
126 211
127 182
128 61
129 237
130 213
131 121
132 132
133 113
134 230
135 59
136 247
137 195
138 181
139 91
140 15
141 142
142 4
143 11
144 46
145 97
146 248
147 224
148 63
149 146
150 242
151 248
152 138
153 195
154 116
155 68
156 123
157 100
158 228
159 145
160 73
161 233
162 249
163 179
164 20
165 195
166 204
167 109
168 26
169 27
170 89
171 232
172 84
173 113
174 35
175 204
176 172
177 91
178 182
179 174
180 122
181 124
182 42
183 50
184 117
185 5
186 195
187 178
188 130
189 143
190 119
191 41
192 40
193 211
194 137
195 19
196 207
197 138
198 156
199 245
200 120
201 1
202 227
203 178
204 23
205 19
206 87
207 13
208 114
209 38
210 69
211 67
212 153
213 45
214 102
215 123
216 51
217 197
218 246
219 19
220 226
221 129
222 12
223 15
224 211
225 144
226 98
227 71
228 122
229 229
230 221
231 99
232 72
233 5
234 82
235 62
236 156
237 210
238 193
239 245
240 211
241 124
242 6
243 199
244 223
245 16
246 105
247 42
248 232
249 18
