15
250
0 125
1 12
2 112
3 70
4 215
5 11
6 17
7 191
8 120
9 212
10 69
11 105
12 217
13 155
14 233
15 56
16 145
17 24
18 127
19 36
20 64
21 217
22 209
23 145
24 211
25 137
26 46
27 96
28 139
29 167
30 138
31 35
32 125
33 182
34 94
35 197
36 35
37 207
38 242
39 153
40 74
41 207
42 106
43 109
44 122
45 77
46 223
47 40
48 1
49 39
50 47
51 214
52 81
53 18
54 55
55 33
56 164
57 227
58 102
59 50
60 67
61 95
62 46
63 164
64 24
65 50
66 27
67 105
68 80
69 14
70 9
71 57
72 121
73 153
74 122
75 176
76 216
77 80
78 213
79 208
80 178
81 173
82 168
83 86
84 176
85 91
86 130
87 1
88 220
89 106
90 149
91 170
92 62
93 27
94 74
95 231
96 112
97 196
98 69
99 20
100 141
101 202
102 58
103 52
104 221
105 101
106 144
107 151
108 27
109 54
110 143
111 86
112 190
113 127
114 108
115 177
116 42
117 188
118 208
119 221
120 40
121 186
122 219
123 61
124 208
125 95
126 137
127 198
128 64
129 233
130 108
131 67
132 199
133 31
134 137
135 240
136 218
137 111
138 94
139 117
140 186
141 80
142 105
143 198
144 111
145 104
146 85
147 55
148 139
149 59
150 245
151 108
152 118
153 113
154 196
155 237
156 237
157 124
158 195
159 231
160 108
161 65
162 89
163 40
164 39
165 241
166 236
167 115
168 192
169 138
170 127
171 217
172 165
173 14
174 227
175 34
176 143
177 55
178 78
179 89
180 162
181 22
182 18
183 11
184 235
185 59
186 6
187 230
188 109
189 137
190 207
191 21
192 238
193 43
194 99
195 184
196 124
197 130
198 88
199 83
200 190
201 168
202 111
203 191
204 185
205 174
206 46
207 28
208 34
209 153
210 224
211 161
212 241
213 49
214 127
215 174
216 5
217 149
218 141
219 65
220 122
221 90
222 143
223 226
224 154
225 118
226 150
227 184
228 181
229 187
230 250
231 107
232 68
233 119
234 89
235 12
236 92
237 20
238 69
239 34
240 6
241 78
242 204
243 146
244 123
245 156
246 81
247 143
248 86
249 65
