15
250
0 39
1 189
2 243
3 113
4 47
5 26
6 203
7 114
8 40
9 7
10 200
11 195
12 28
13 16
14 174
15 53
16 117
17 243
18 194
19 192
20 206
21 193
22 56
23 105
24 150
25 227
26 144
27 104
28 142
29 187
30 109
31 94
32 51
33 153
34 14
35 143
36 112
37 42
38 237
39 38
40 182
41 157
42 145
43 239
44 232
45 66
46 216
47 185
48 2
49 34
50 155
51 125
52 26
53 47
54 38
55 78
56 234
57 9
58 36
59 244
60 4
61 169
62 184
63 143
64 50
65 8
66 216
67 51
68 81
69 77
70 179
71 27
72 42
73 121
74 155
75 49
76 200
77 9
78 52
79 247
80 22
81 117
82 101
83 36
84 157
85 232
86 187
87 100
88 228
89 11
90 156
91 86
92 62
93 135
94 12
95 33
96 184
97 25
98 61
99 55
100 119
101 193
102 172
103 21
104 85
105 4
106 131
107 104
108 117
109 80
110 82
111 89
112 79
113 117
114 177
115 194
116 72
117 102
118 170
119 167
120 180
121 53
122 181
123 184
124 91
125 175
126 65
127 67
128 195
129 197
130 135
131 183
132 111
133 81
134 183
135 71
136 207
137 160
138 132
139 99
140 187
141 194
142 180
143 119
144 155
145 33
146 146
147 200
148 1
149 171
150 14
151 212
152 228
153 151
154 139
155 137
156 170
157 32
158 168
159 247
160 9
161 21
162 95
163 48
164 59
165 209
166 49
167 37
168 42
169 126
170 196
171 16
172 27
173 129
174 63
175 97
176 6
177 162
178 20
179 31
180 60
181 84
182 235
183 229
184 224
185 68
186 34
187 52
188 184
189 20
190 181
191 114
192 148
193 151
194 135
195 226
196 134
197 242
198 68
199 133
200 180
201 151
202 147
203 240
204 69
205 234
206 150
207 10
208 182
209 163
210 41
211 139
212 8
213 31
214 249
215 156
216 156
217 64
218 43
219 82
220 216
221 139
222 93
223 31
224 111
225 144
226 102
227 157
228 176
229 235
230 116
231 82
232 233
233 6
234 80
235 172
236 76
237 69
238 107
239 179
240 187
241 25
242 250
243 179
244 216
245 103
246 150
247 188
248 206
249 208
