15
250
0 247
1 231
2 218
3 211
4 206
5 128
6 13
7 25
8 171
9 208
10 161
11 192
12 54
13 65
14 22
15 28
16 80
17 30
18 162
19 129
20 54
21 117
22 214
23 150
24 113
25 179
26 43
27 1
28 214
29 146
30 41
31 159
32 77
33 232
34 94
35 174
36 151
37 107
38 204
39 60
40 142
41 62
42 194
43 79
44 158
45 56
46 109
47 87
48 73
49 177
50 129
51 19
52 111
53 74
54 144
55 47
56 32
57 107
58 146
59 153
60 109
61 104
62 183
63 43
64 123
65 197
66 161
67 76
68 227
69 86
70 173
71 166
72 32
73 93
74 187
75 180
76 238
77 3
78 60
79 111
80 64
81 137
82 80
83 151
84 79
85 27
86 39
87 160
88 70
89 59
90 218
91 208
92 129
93 2
94 29
95 245
96 166
97 136
98 20
99 223
100 176
101 111
102 170
103 118
104 242
105 124
106 42
107 202
108 236
109 116
110 8
111 36
112 7
113 104
114 20
115 39
116 57
117 124
118 122
119 107
120 166
121 155
122 218
123 230
124 10
125 66
126 116
127 94
128 12
129 151
130 2
131 146
132 118
133 187
134 121
135 161
136 19
137 92
138 85
139 127
140 40
141 6
142 223
143 189
144 56
145 109
146 6
147 191
148 205
149 206
150 159
151 97
152 10
153 128
154 12
155 231
156 216
157 109
158 3
159 239
160 74
161 38
162 241
163 235
164 167
165 192
166 7
167 239
168 144
169 74
170 145
171 213
172 207
173 238
174 90
175 25
176 220
177 162
178 130
179 2
180 222
181 98
182 132
183 136
184 31
185 211
186 166
187 175
188 21
189 194
190 181
191 64
192 228
193 128
194 37
195 50
196 133
197 226
198 221
199 95
200 223
201 194
202 120
203 179
204 101
205 150
206 225
207 36
208 36
209 245
210 154
211 3
212 174
213 104
214 216
215 185
216 150
217 222
218 156
219 244
220 76
221 108
222 23
223 187
224 44
225 203
226 145
227 119
228 23
229 123
230 27
231 102
232 99
233 149
234 38
235 23
236 193
237 237
238 164
239 243
240 17
241 56
242 17
243 238
244 165
245 169
246 56
247 53
248 214
249 108
