15
250
0 38
1 193
2 118
3 248
4 107
5 166
6 94
7 222
8 58
9 96
10 248
11 85
12 24
13 169
14 81
15 116
16 30
17 53
18 171
19 138
20 4
21 26
22 150
23 199
24 167
25 51
26 45
27 109
28 156
29 149
30 225
31 198
32 94
33 70
34 139
35 231
36 10
37 25
38 240
39 190
40 155
41 162
42 134
43 143
44 125
45 67
46 21
47 223
48 36
49 207
50 6
51 94
52 46
53 148
54 12
55 41
56 192
57 207
58 247
59 218
60 228
61 77
62 220
63 171
64 59
65 125
66 204
67 14
68 249
69 88
70 102
71 152
72 231
73 66
74 207
75 60
76 181
77 184
78 211
79 106
80 130
81 72
82 204
83 37
84 204
85 50
86 151
87 213
88 130
89 151
90 99
91 181
92 101
93 93
94 182
95 108
96 45
97 188
98 99
99 45
100 161
101 217
102 179
103 117
104 226
105 39
106 121
107 111
108 105
109 78
110 72
111 71
112 80
113 9
114 246
115 114
116 81
117 73
118 157
119 201
120 127
121 51
122 175
123 207
124 118
125 122
126 197
127 116
128 99
129 33
130 120
131 89
132 100
133 150
134 236
135 225
136 246
137 26
138 200
139 4
140 248
141 124
142 64
143 226
144 164
145 56
146 94
147 46
148 128
149 199
150 106
151 229
152 152
153 148
154 172
155 187
156 219
157 17
158 145
159 210
160 32
161 100
162 21
163 197
164 161
165 205
166 77
167 16
168 171
169 168
170 226
171 97
172 127
173 52
174 60
175 48
176 54
177 161
178 236
179 48
180 70
181 228
182 154
183 87
184 209
185 35
186 81
187 69
188 49
189 160
190 165
191 190
192 89
193 220
194 107
195 72
196 107
197 56
198 222
199 35
200 63
201 128
202 87
203 186
204 221
205 168
206 169
207 15
208 216
209 136
210 73
211 150
212 172
213 45
214 99
215 176
216 73
217 187
218 28
219 139
220 24
221 1
222 45
223 149
224 143
225 181
226 244
227 187
228 145
229 201
230 8
231 174
232 56
233 162
234 17
235 63
236 56
237 81
238 49
239 45
240 70
241 147
242 18
243 244
244 102
245 174
246 30
247 242
248 88
249 173
