15
250
0 241
1 246
2 218
3 199
4 38
5 6
6 209
7 3
8 100
9 9
10 107
11 237
12 243
13 224
14 239
15 126
16 213
17 145
18 115
19 57
20 41
21 17
22 207
23 4
24 94
25 28
26 68
27 211
28 147
29 163
30 37
31 215
32 187
33 21
34 173
35 128
36 37
37 26
38 141
39 153
40 125
41 173
42 199
43 178
44 156
45 143
46 235
47 144
48 57
49 62
50 98
51 87
52 168
53 169
54 214
55 10
56 178
57 59
58 104
59 66
60 136
61 21
62 199
63 232
64 8
65 188
66 17
67 89
68 61
69 158
70 197
71 137
72 154
73 17
74 50
75 26
76 148
77 155
78 167
79 241
80 16
81 91
82 147
83 93
84 8
85 138
86 145
87 52
88 141
89 62
90 187
91 22
92 247
93 209
94 184
95 80
96 186
97 238
98 50
99 127
100 7
101 53
102 107
103 205
104 107
105 51
106 19
107 68
108 105
109 202
110 87
111 162
112 88
113 114
114 158
115 174
116 152
117 113
118 25
119 52
120 49
121 76
122 71
123 33
124 18
125 173
126 64
127 213
128 47
129 154
130 28
131 162
132 28
133 178
134 143
135 75
136 168
137 90
138 230
139 215
140 46
141 192
142 214
143 125
144 203
145 170
146 146
147 38
148 194
149 28
150 233
151 94
152 184
153 61
154 209
155 86
156 102
157 87
158 78
159 231
160 187
161 228
162 156
163 11
164 131
165 87
166 173
167 122
168 165
169 79
170 83
171 156
172 168
173 72
174 142
175 15
176 146
177 228
178 20
179 96
180 183
181 137
182 179
183 25
184 180
185 4
186 158
187 245
188 125
189 159
190 142
191 219
192 133
193 207
194 161
195 133
196 5
197 228
198 3
199 188
200 238
201 169
202 97
203 107
204 99
205 13
206 11
207 184
208 147
209 247
210 222
211 135
212 53
213 52
214 93
215 151
216 199
217 159
218 91
219 239
220 192
221 139
222 25
223 63
224 27
225 112
226 60
227 208
228 143
229 134
230 28
231 219
232 235
233 53
234 11
235 92
236 23
237 153
238 52
239 88
240 237
241 112
242 176
243 236
244 127
245 159
246 210
247 182
248 49
249 238
