10
100
0 60
1 97
2 77
3 61
4 79
5 81
6 37
7 59
8 33
9 34
10 73
11 77
12 5
13 64
14 12
15 25
16 91
17 44
18 15
19 12
20 64
21 62
22 21
23 78
24 22
25 12
26 43
27 15
28 73
29 32
30 94
31 55
32 8
33 49
34 34
35 100
36 34
37 14
38 83
39 67
40 81
41 95
42 43
43 77
44 16
45 84
46 74
47 81
48 25
49 84
50 45
51 92
52 34
53 95
54 18
55 69
56 57
57 32
58 26
59 47
60 76
61 67
62 89
63 84
64 11
65 51
66 46
67 67
68 9
69 52
70 27
71 98
72 25
73 51
74 40
75 35
76 76
77 63
78 21
79 9
80 65
81 8
82 39
83 100
84 2
85 63
86 67
87 97
88 83
89 14
90 94
91 23
92 66
93 74
94 33
95 44
96 56
97 79
98 32
99 100
