10
100
0 63
1 50
2 47
3 81
4 31
5 66
6 29
7 56
8 10
9 23
10 15
11 19
12 1
13 15
14 72
15 39
16 52
17 96
18 14
19 66
20 76
21 81
22 6
23 37
24 92
25 4
26 66
27 65
28 71
29 25
30 1
31 62
32 22
33 36
34 33
35 92
36 57
37 12
38 32
39 46
40 49
41 24
42 61
43 48
44 28
45 43
46 27
47 36
48 65
49 61
50 53
51 17
52 23
53 40
54 48
55 81
56 69
57 37
58 42
59 90
60 64
61 73
62 95
63 48
64 61
65 16
66 25
67 21
68 63
69 9
70 75
71 41
72 4
73 39
74 31
75 9
76 25
77 20
78 10
79 28
80 59
81 28
82 68
83 73
84 37
85 45
86 44
87 89
88 16
89 90
90 15
91 60
92 89
93 7
94 60
95 47
96 3
97 48
98 65
99 9
