10
100
0 83
1 50
2 52
3 72
4 19
5 81
6 55
7 81
8 25
9 60
10 97
11 90
12 32
13 66
14 36
15 10
16 24
17 94
18 68
19 46
20 22
21 40
22 43
23 1
24 97
25 70
26 58
27 55
28 53
29 56
30 58
31 93
32 88
33 16
34 61
35 8
36 83
37 97
38 60
39 88
40 51
41 31
42 100
43 45
44 25
45 57
46 96
47 71
48 85
49 43
50 14
51 31
52 90
53 35
54 4
55 94
56 15
57 50
58 7
59 24
60 34
61 91
62 7
63 74
64 62
65 13
66 61
67 54
68 76
69 16
70 88
71 92
72 50
73 78
74 35
75 34
76 31
77 30
78 82
79 84
80 24
81 69
82 89
83 43
84 36
85 26
86 66
87 93
88 56
89 1
90 82
91 78
92 58
93 20
94 38
95 81
96 59
97 30
98 52
99 21
