10
100
0 30
1 42
2 63
3 3
4 10
5 38
6 65
7 27
8 43
9 21
10 26
11 85
12 52
13 78
14 14
15 66
16 68
17 43
18 47
19 28
20 64
21 32
22 77
23 96
24 56
25 2
26 51
27 3
28 76
29 19
30 36
31 53
32 15
33 2
34 59
35 88
36 15
37 82
38 18
39 70
40 81
41 51
42 51
43 88
44 36
45 41
46 94
47 7
48 73
49 37
50 83
51 63
52 100
53 66
54 24
55 90
56 86
57 13
58 55
59 74
60 88
61 74
62 58
63 32
64 45
65 48
66 56
67 30
68 97
69 95
70 63
71 96
72 56
73 100
74 44
75 72
76 94
77 89
78 7
79 95
80 4
81 55
82 81
83 100
84 36
85 86
86 73
87 4
88 47
89 89
90 50
91 28
92 41
93 16
94 51
95 76
96 86
97 15
98 80
99 16
