10
100
0 32
1 72
2 7
3 44
4 7
5 77
6 27
7 31
8 77
9 81
10 9
11 29
12 92
13 90
14 75
15 62
16 72
17 63
18 68
19 59
20 82
21 89
22 48
23 77
24 25
25 25
26 47
27 12
28 23
29 95
30 39
31 51
32 14
33 27
34 33
35 30
36 73
37 50
38 35
39 32
40 17
41 44
42 97
43 63
44 69
45 49
46 22
47 64
48 5
49 10
50 43
51 64
52 8
53 47
54 58
55 97
56 1
57 63
58 69
59 38
60 56
61 88
62 97
63 56
64 27
65 20
66 54
67 98
68 51
69 29
70 53
71 40
72 14
73 58
74 1
75 2
76 82
77 98
78 1
79 55
80 51
81 14
82 67
83 7
84 68
85 75
86 9
87 42
88 71
89 50
90 16
91 100
92 36
93 85
94 70
95 30
96 27
97 40
98 61
99 85
