10
100
0 17
1 25
2 26
3 10
4 5
5 64
6 72
7 47
8 57
9 16
10 20
11 22
12 44
13 77
14 37
15 48
16 81
17 82
18 8
19 66
20 16
21 91
22 39
23 76
24 92
25 100
26 91
27 74
28 67
29 91
30 22
31 81
32 38
33 13
34 48
35 31
36 45
37 49
38 54
39 20
40 15
41 54
42 24
43 30
44 75
45 44
46 97
47 72
48 2
49 15
50 2
51 79
52 45
53 44
54 88
55 41
56 50
57 34
58 63
59 20
60 63
61 32
62 27
63 100
64 40
65 4
66 7
67 93
68 3
69 92
70 89
71 72
72 51
73 64
74 33
75 79
76 81
77 85
78 54
79 12
80 50
81 53
82 47
83 3
84 53
85 65
86 87
87 97
88 9
89 65
90 87
91 30
92 32
93 30
94 97
95 81
96 60
97 78
98 10
99 32
