10
100
0 73
1 2
2 23
3 45
4 80
5 36
6 17
7 20
8 25
9 81
10 7
11 51
12 44
13 70
14 5
15 20
16 28
17 90
18 49
19 84
20 2
21 76
22 19
23 84
24 33
25 11
26 47
27 39
28 59
29 31
30 88
31 77
32 2
33 78
34 86
35 77
36 42
37 11
38 10
39 75
40 98
41 26
42 6
43 52
44 58
45 45
46 76
47 71
48 15
49 63
50 5
51 38
52 63
53 19
54 51
55 98
56 97
57 60
58 68
59 80
60 21
61 40
62 62
63 42
64 37
65 24
66 67
67 30
68 67
69 15
70 78
71 25
72 86
73 55
74 77
75 43
76 77
77 61
78 50
79 43
80 19
81 4
82 17
83 90
84 22
85 25
86 23
87 70
88 15
89 82
90 34
91 85
92 70
93 93
94 89
95 52
96 79
97 20
98 39
99 31
