10
100
0 56
1 23
2 78
3 6
4 7
5 16
6 70
7 10
8 36
9 53
10 10
11 98
12 51
13 29
14 73
15 85
16 10
17 74
18 92
19 15
20 30
21 54
22 90
23 93
24 74
25 98
26 36
27 61
28 19
29 15
30 65
31 77
32 18
33 50
34 25
35 30
36 93
37 22
38 45
39 37
40 74
41 62
42 64
43 53
44 3
45 48
46 62
47 5
48 34
49 98
50 68
51 26
52 2
53 75
54 68
55 68
56 94
57 62
58 87
59 46
60 62
61 76
62 6
63 91
64 65
65 8
66 27
67 9
68 52
69 64
70 60
71 66
72 10
73 98
74 50
75 94
76 53
77 97
78 11
79 72
80 93
81 82
82 90
83 91
84 73
85 79
86 37
87 76
88 26
89 48
90 13
91 91
92 96
93 5
94 34
95 68
96 16
97 63
98 94
99 77
