10
100
0 68
1 5
2 99
3 49
4 84
5 100
6 83
7 55
8 61
9 80
10 85
11 95
12 96
13 30
14 95
15 11
16 74
17 97
18 69
19 53
20 43
21 75
22 26
23 30
24 20
25 71
26 51
27 44
28 63
29 64
30 82
31 2
32 2
33 33
34 5
35 2
36 99
37 28
38 55
39 32
40 34
41 50
42 96
43 71
44 47
45 58
46 64
47 5
48 68
49 10
50 49
51 16
52 7
53 95
54 10
55 20
56 93
57 19
58 40
59 11
60 70
61 6
62 89
63 1
64 49
65 58
66 8
67 50
68 45
69 9
70 56
71 38
72 26
73 62
74 61
75 36
76 65
77 31
78 40
79 94
80 70
81 9
82 4
83 96
84 72
85 65
86 93
87 23
88 48
89 64
90 78
91 22
92 60
93 46
94 100
95 53
96 75
97 45
98 25
99 15
