10
100
0 45
1 63
2 17
3 95
4 24
5 23
6 6
7 49
8 2
9 79
10 43
11 76
12 78
13 63
14 63
15 9
16 97
17 14
18 37
19 49
20 7
21 33
22 34
23 63
24 87
25 45
26 5
27 93
28 64
29 60
30 23
31 98
32 99
33 88
34 16
35 99
36 61
37 48
38 36
39 7
40 81
41 92
42 61
43 53
44 48
45 68
46 70
47 56
48 92
49 92
50 9
51 95
52 19
53 11
54 99
55 14
56 33
57 38
58 28
59 90
60 96
61 17
62 70
63 17
64 81
65 29
66 6
67 35
68 83
69 69
70 61
71 29
72 74
73 11
74 42
75 7
76 58
77 49
78 70
79 13
80 38
81 33
82 62
83 82
84 16
85 3
86 45
87 26
88 45
89 83
90 1
91 37
92 78
93 24
94 7
95 5
96 83
97 40
98 67
99 66
